System
1.0
9.10946513 9.10946513 0.0
0.0 9.10946513 9.10946513
9.10946513 0.0 9.10946513
Cr Cu N Cl
8 8 48 40
direct
0.5 0.0 0.5 
0.5 0.5 0.0 
0.0 0.5 0.5 
0.5 0.5 0.5 
0.0 0.5 0.0 
0.5 0.0 0.0 
0.0 0.0 0.5 
0.0 0.0 0.0 
0.25 0.75 0.25 
0.25 0.25 0.75 
0.75 0.25 0.25 
0.25 0.25 0.25 
0.75 0.25 0.75 
0.75 0.75 0.25 
0.25 0.75 0.75 
0.75 0.75 0.75 
0.55563687 0.07189945 0.55599063 
0.31647305 0.55599063 0.07189945 
0.07189945 0.55563687 0.31647305 
0.55599063 0.31647305 0.55563687 
0.07189945 0.55599063 0.55563687 
0.55599063 0.07189945 0.31647305 
0.55563687 0.31647305 0.07189945 
0.31647305 0.55563687 0.55599063 
0.55599063 0.55563687 0.07189945 
0.07189945 0.31647305 0.55599063 
0.31647305 0.07189945 0.55563687 
0.55563687 0.55599063 0.31647305 
0.44436313 0.92810055 0.44400937 
0.68352695 0.44400937 0.92810055 
0.92810055 0.44436313 0.68352695 
0.44400937 0.68352695 0.44436313 
0.92810055 0.44400937 0.44436313 
0.44400937 0.92810055 0.68352695 
0.44436313 0.68352695 0.92810055 
0.68352695 0.44436313 0.44400937 
0.44400937 0.44436313 0.92810055 
0.92810055 0.68352695 0.44400937 
0.68352695 0.92810055 0.44436313 
0.44436313 0.44400937 0.68352695 
0.05599063 0.57189945 0.05563687 
0.57189945 0.05599063 0.81647305 
0.81647305 0.05563687 0.57189945 
0.05563687 0.81647305 0.05599063 
0.05563687 0.05599063 0.57189945 
0.81647305 0.57189945 0.05599063 
0.57189945 0.81647305 0.05563687 
0.05599063 0.05563687 0.81647305 
0.57189945 0.05563687 0.05599063 
0.05599063 0.81647305 0.57189945 
0.05563687 0.57189945 0.81647305 
0.81647305 0.05599063 0.05563687 
0.94400937 0.42810055 0.94436313 
0.42810055 0.94400937 0.18352695 
0.18352695 0.94436313 0.42810055 
0.94436313 0.18352695 0.94400937 
0.94436313 0.94400937 0.42810055 
0.18352695 0.42810055 0.94400937 
0.42810055 0.18352695 0.94436313 
0.94400937 0.94436313 0.18352695 
0.42810055 0.94436313 0.94400937 
0.94400937 0.18352695 0.42810055 
0.94436313 0.42810055 0.18352695 
0.18352695 0.94400937 0.94436313 
0.31440463 0.55678611 0.31440463 
0.31440463 0.31440463 0.55678611 
0.55678611 0.31440463 0.31440463 
0.31440463 0.31440463 0.31440463 
0.68559537 0.44321389 0.68559537 
0.68559537 0.68559537 0.44321389 
0.44321389 0.68559537 0.68559537 
0.68559537 0.68559537 0.68559537 
0.81440463 0.05678611 0.81440463 
0.05678611 0.81440463 0.81440463 
0.81440463 0.81440463 0.05678611 
0.81440463 0.81440463 0.81440463 
0.18559537 0.94321389 0.18559537 
0.94321389 0.18559537 0.18559537 
0.18559537 0.18559537 0.94321389 
0.18559537 0.18559537 0.18559537 
0.50031438 0.25 0.75 
0.99968562 0.75 0.25 
0.25 0.50031438 0.99968562 
0.75 0.99968562 0.50031438 
0.25 0.75 0.50031438 
0.75 0.25 0.99968562 
0.50031438 0.99968562 0.25 
0.99968562 0.50031438 0.75 
0.75 0.50031438 0.25 
0.25 0.99968562 0.75 
0.99968562 0.25 0.50031438 
0.50031438 0.75 0.99968562 
0.49968562 0.75 0.25 
0.00031438 0.25 0.75 
0.75 0.49968562 0.00031438 
0.25 0.00031438 0.49968562 
0.75 0.25 0.49968562 
0.25 0.75 0.00031438 
0.49968562 0.00031438 0.75 
0.00031438 0.49968562 0.25 
0.25 0.49968562 0.75 
0.75 0.00031438 0.25 
0.00031438 0.75 0.49968562 
0.49968562 0.25 0.00031438 
